[FLIGHT]
BaseLat         = 45.4158731
BaseLon         = 9.2379648
NYLat 	        = 40.730610
NYLon           = -73.935242
Radius          = 30000
UpdateTime      = 3
InFlight        = 1
